X	Z	A
0.0000	303.8698
0.9791	303.5662
1.9582	303.6084
2.9374	303.6761
3.9165	303.7865
4.8956	303.9587
5.8747	304.0726	toto
6.8417	304.0939
7.8088	304.0837
8.7758	304.3312
9.7428	304.4066
10.7098	304.4603
11.6769	304.6427
12.6439	304.6255	tata
13.6109	304.5542
14.5779	304.4382
15.4677	304.6685
16.3574	304.5731
17.2472	305.0946
18.1369	305.3479
19.0267	305.5142
19.9164	305.4034
20.8062	305.6796
21.6960	305.9693
22.5857	306.3161
23.5099	306.4506
24.4340	306.4400
25.3582	306.4627
26.2823	306.4572
27.2065	306.3906
28.1306	306.3419
29.0548	306.1882
29.9789	306.2057
30.9031	306.1455
31.8272	306.1482
32.7613	306.1979
33.6953	306.1897
34.6293	306.3561
35.5633	306.4340
36.4974	306.5541
37.4314	306.6342
38.3654	306.7697
39.2995	306.9367
40.2335	307.0729
41.1675	307.1846
42.1015	307.2784
43.0356	307.4949
43.9696	307.5791
44.9036	307.7320
45.8376	307.7455
46.7806	307.9359
47.7236	307.9866
48.6666	308.2279
49.6096	308.3761
50.5526	308.5071
51.4956	308.3055
52.4386	308.1434
53.3816	308.0811
54.3246	308.2655
55.2676	308.3529
56.2105	308.3549
57.1163	308.3631
58.0221	308.3520
58.9279	308.4262
59.8337	308.5395
60.7395	308.5935
61.6453	308.6564
62.5511	308.7165
63.4568	308.7820
64.3626	308.8404
65.2684	308.9288
66.2549	309.0543
67.2414	309.2251
68.2278	309.3279
69.2143	309.4740
70.2008	309.6291
71.1873	309.7754
72.1738	309.9262
73.1602	310.0746
74.1467	310.2211
75.1332	310.3710
76.1197	310.5186
77.0865	310.6525
78.0533	310.7801
79.0201	310.9089
79.9869	310.8678
80.9537	310.7648
81.9205	311.0061
82.8873	311.1185
83.8541	311.1291
84.8209	311.1721
85.7877	311.1931
86.7545	311.1710
87.7213	311.1850
88.6881	311.3991
89.6549	311.4833
90.6120	311.5565
91.5692	311.6295
92.5263	311.6932
93.4834	311.7966
94.4406	311.8980
95.3977	312.1242
96.3548	312.2384
97.3120	312.2723
98.2691	312.3564
99.2344	312.4304
100.1998	312.3297
101.1651	312.3723
102.1304	312.5380
103.0957	312.7527
104.0610	312.9384
105.0264	312.9356
105.9917	312.9102
106.9570	312.9909
107.9223	313.0424
108.8876	313.2685
109.8530	313.4465
110.8183	313.5192
111.7836	313.5010
112.7815	313.4076
113.7794	313.2276
114.7773	313.0765
115.7752	312.9632
116.7731	312.9641
117.7710	313.0449
118.7688	313.1780
119.7461	313.1873
120.7233	313.3882
121.7005	313.3948
122.6778	313.4553
123.6550	313.4608
124.6322	313.4101
125.6095	313.3904
126.5867	313.4167
127.5639	313.5649
128.5589	313.8626
129.5538	314.0472
130.5488	314.1874
131.5437	314.4705
132.5387	314.5472
133.5336	314.6804
134.5286	315.0983
135.5235	315.5189
136.4340	315.4814
137.3444	315.4294
138.2548	315.3782
139.1652	315.0523
140.0756	314.9992
140.9860	315.1614
141.8965	315.3402
142.8069	315.5491
143.7173	315.6544
144.6277	315.5156
145.6226	315.8018
146.6176	315.9920
147.6125	316.1638
148.6075	316.4233
149.6024	316.6210
150.5973	316.7627
151.5923	316.8954
152.5872	317.0261
153.4697	317.0117
154.3522	316.7522
155.2347	316.5096
156.1172	316.4984
156.9997	316.5999
157.8822	316.6068
158.7647	316.7623
159.6472	316.9652
160.6263	316.8899
161.6054	316.9070
162.5845	316.9613
163.5636	317.0065
164.5428	316.9204
165.5219	316.9906
166.5010	317.0859
167.4801	317.0981
168.4592	317.0892
169.4383	317.0992
170.4174	317.1211
171.3631	317.2776
172.3088	317.2652
173.2545	317.3473
174.2002	317.4168
175.1459	317.4237
176.0916	317.4709
177.0372	317.5324
178.0134	317.6468
178.9895	317.6458
179.9657	317.6238
180.9418	317.6607
181.9179	317.7105
182.8941	317.9464
183.8702	318.4325
184.8464	318.7540
185.8225	318.4091
186.7986	318.1448
187.7748	318.1079
188.7509	318.3735
189.7153	318.4056
190.6796	318.4470
191.6440	318.4592
192.6083	318.5179
193.5727	318.6122
194.5370	318.6929
195.5013	318.7684
196.4657	318.8438
197.4300	318.9084
198.3944	318.8849
199.3587	318.8121
200.3231	318.8554
201.2874	318.9209
202.2518	318.9863
203.2161	319.0988
204.1786	319.2010
205.1411	319.2383
206.1035	319.2113
207.0660	319.3107
208.0285	319.3645
208.9910	319.4974
209.9534	319.5196
210.9159	319.4270
211.8784	319.3717
212.8408	319.3152
213.8033	319.3175
214.7658	319.4229
215.7282	319.5591
216.6907	319.8253
217.6532	319.7457
218.6157	319.8184
219.5781	319.9572
220.5406	319.8736
221.5031	319.7503
222.4353	319.8553
223.3675	319.9721
224.2998	320.0784
225.2320	320.1764
226.1642	320.1842
227.0965	320.2022
228.0287	320.2786
228.9609	320.3087
229.8931	320.4037
230.8254	320.5833
231.7576	320.7850
232.6898	320.9758
233.6221	320.9958
234.5684	320.9879
235.5147	321.0524
236.4610	321.1381
237.4074	321.2205
238.3537	321.2575
239.3000	321.2001
240.2463	321.1510
241.1927	321.1671
242.1390	321.2442
243.0853	321.3929
244.0316	321.4133
244.9780	321.4478
245.9243	321.4795
246.8706	321.6338
247.8169	321.7197
248.7633	321.7994
249.7096	321.8884
250.6756	322.0247
251.6416	322.2058
252.6077	322.3568
253.5737	322.4469
254.5397	322.5176
255.5057	322.6005
256.4717	322.7486
257.4378	322.7351
258.4038	322.3886
259.3698	322.4423
260.3358	322.5727
261.3350	322.5820
262.3341	322.6784
263.3332	322.6799
264.3323	322.7116
265.3314	322.7534
266.3306	322.8340
267.2343	322.8448
268.1380	322.8566
269.0417	322.9425
269.9454	322.9798
270.8491	323.0432
271.7528	323.0835
272.6565	323.1479
273.5602	323.3056
274.4683	323.4712
275.3763	323.5695
276.2843	323.6576
277.1923	323.7222
278.1003	323.7438
279.0084	323.7771
279.9164	323.8115
280.8244	323.9714
281.7324	323.9349
282.6666	324.0997
283.6009	324.2196
284.5351	324.4193
285.4693	324.4196
286.4036	324.4458
287.3378	324.6402
288.2720	324.6378
289.2566	324.5463
290.2413	324.6256
291.2259	324.7455
292.2105	324.8744
293.1952	324.9962
294.1798	325.0505
295.1644	325.0916
296.1351	325.2048
297.1059	325.3185
298.0766	325.3675
299.0473	325.4386
300.0180	325.7148
300.9887	325.8633
301.9151	325.7096
302.8415	325.8946
303.7679	325.9984
304.6943	326.0486
305.6207	326.3051
306.5471	326.4273
307.5071	326.5970
308.4670	326.7230
309.4269	326.7333
310.3869	326.7297
311.3313	326.7519
312.2756	326.8444
313.2200	326.8658
314.1644	326.9466
315.1088	327.0206
316.0532	327.1362
316.9827	327.1220
317.9121	327.2264
318.8416	327.2144
319.7711	327.3126
320.7006	327.3480
321.6301	327.4473
322.5596	327.4800
323.4890	327.6510
324.3279	327.8134
325.1667	327.9356
326.0055	327.9618
326.8443	328.0060
327.6832	328.1393
328.6681	328.1202
329.6531	328.2384
330.6381	328.3833
331.6230	328.4898
332.6080	328.6289
333.5930	328.6841
334.5779	328.7470
335.5629	328.8158
336.5479	328.9416
337.5328	329.0236
338.5178	329.0831
339.4843	329.1678
340.4509	329.2579
341.4174	329.3667
342.3840	329.4703
343.3505	329.6177
344.3171	329.7155
345.2836	329.7949
346.2502	329.8011
347.2167	329.8722
348.1833	329.8568
349.1498	329.6625
350.1164	329.7590
351.0576	329.7506
351.9989	329.8487
352.9402	329.9822
353.8814	330.1266
354.8227	330.3957
355.7640	330.6587
356.7052	330.6511
357.6465	330.7009
358.6130	330.8616
359.5794	330.9687
360.5459	331.1382
361.5124	331.3159
362.4788	331.3718
363.4453	331.3040
364.4118	331.3890
365.3782	331.5293
366.2638	331.6570
367.1495	331.7462
368.0351	331.8060
368.9207	331.8638
369.8063	331.9081
370.6919	331.9523
371.5775	331.9965
372.5507	332.0291
373.5239	332.0186
374.4970	332.1092
375.4702	332.2685
376.4433	332.4654
377.4165	332.6471
378.3897	332.7105
379.3628	332.7925
380.2567	332.8289
381.1505	332.8900
382.0444	332.9471
382.9382	332.8522
383.8321	332.7353
384.7259	332.7045
385.6197	332.8852
386.5136	333.1794
387.4635	333.4952
388.4135	333.7756
389.3634	334.0031
390.3133	334.2216
391.2633	334.3251
392.2132	334.5340
393.1598	334.7977
394.1064	334.9777
395.0530	335.0918
395.9996	335.1485
396.9462	335.1667
397.8928	335.1984
398.8101	335.2087
399.7274	335.2656
400.6447	335.4200
401.5620	335.6177
402.4793	335.6287
403.3966	335.8577
404.3139	336.2240
405.2255	336.3574
406.1372	336.5097
407.0489	336.6408
407.9605	336.7335
408.8722	336.8333
409.7839	336.9647
410.6955	337.0956
411.6834	337.1902
412.6713	337.3217
413.6591	337.3762
414.6470	337.4254
415.6349	337.4770
416.6228	337.4964
417.5595	337.4683
418.4962	337.5656
419.4329	337.5921
420.3696	337.6670
421.3063	337.7144
422.2430	337.8438
423.1797	337.9222
424.0928	338.0335
425.0059	338.1215
425.9190	338.2468
426.8320	338.3330
427.7451	338.4303
428.6582	338.4469
429.5713	338.5067
430.4557	338.5555
431.3402	338.6198
432.2247	338.7477
433.1091	338.8207
433.9936	338.9134
434.8781	338.9688
435.7625	339.0873
436.7406	339.1626
437.7187	339.2308
438.6968	339.3305
439.6749	339.3566
440.6530	339.3902
441.6311	339.4860
442.6092	339.5561
443.5873	339.5659
444.5654	339.5185
445.5434	339.5354
446.4053	339.5761
447.2671	339.6579
448.1289	339.8649
448.9907	339.9534
449.8526	340.0125
450.7144	340.0387
451.6333	340.0661
452.5523	340.0598
453.4713	340.1367
454.3903	340.2897
455.3093	340.3602
456.2282	340.5967
457.1472	340.8600
458.0786	340.9538
459.0099	340.9699
459.9413	341.0221
460.8727	341.0275
461.8040	341.0996
462.7354	341.3354
463.6667	341.5599
464.5981	341.5946
465.5295	341.5976
466.4666	341.5768
467.4038	341.5573
468.3410	341.6012
469.2781	341.7501
470.2153	341.6985
471.1525	341.7933
472.0896	341.7274
473.0268	341.8858
473.9640	341.9982
474.9011	342.2640
475.8559	342.2961
476.8107	342.3334
477.7655	342.3279
478.7203	342.5060
479.6751	342.5008
480.6298	342.6495
481.5846	342.6752
482.5394	342.8074
483.4942	343.0952
484.4414	343.1904
485.3886	343.3499
486.3358	343.4612
487.2830	343.5458
488.2301	343.8565
489.1123	344.0137
489.9944	344.2031
490.8766	344.3910
491.7587	344.5232
492.6408	344.7528
493.5230	344.8429
494.4051	344.8488
495.3809	344.9949
496.3566	345.1708
497.3324	345.3280
498.3082	345.4862
499.2839	345.6422
500.2597	345.8081
501.2355	345.8107
502.2112	345.7628
503.1870	345.7245
504.1627	345.7876
505.0234	345.9580
505.8840	346.1465
506.7446	346.3304
507.6052	346.5259
508.4658	346.7403
509.3264	346.9904
510.2307	347.0903
511.1349	347.2344
512.0392	347.2762
512.9434	347.2225
513.8476	347.1572
514.7519	347.2227
515.7235	347.1147
516.6951	347.1208
517.6668	346.9593
518.6384	347.0374
519.6100	346.9041
520.5816	346.9735
521.5532	346.8946
522.5248	346.8090
523.4965	346.7647
524.4681	346.9774
525.4077	347.1701
526.3472	347.2720
527.2868	347.3133
528.2264	347.3461
529.1660	347.3955
530.1056	347.4560
531.0451	347.5090
531.9847	347.7616
532.9243	347.9276
533.8639	348.1088
534.8034	348.3123
535.7430	348.5108
536.6826	348.7095
537.6692	348.8748
538.6558	348.8103
539.6424	348.6439
540.6289	348.5270
541.6155	348.4878
542.6021	348.6010
543.5887	348.7200
544.5753	348.7594
545.5619	348.9358
546.5485	349.0135
547.5350	349.0287
548.5216	349.0882
549.5082	349.1253
550.4948	349.1561
551.4424	349.6125
552.3901	350.2143
553.3377	350.6154
554.2853	350.7423
555.2329	350.8616
556.1806	350.7717
557.1282	350.9536
558.0758	351.0580
559.0234	351.2030
559.9711	351.2223
560.9187	351.2646
561.8663	351.2596
562.8139	351.1657
563.7616	351.1026
564.7409	351.2849
565.7202	351.4166
566.6996	351.5331
567.6789	351.8241
568.6582	352.1443
569.6375	352.5247
570.5499	352.8084
571.4622	353.1449
572.3745	353.0519
573.2869	352.9196
574.1992	352.8613
575.1115	352.8425
576.0418	353.0125
576.9721	353.3442
577.9024	353.6691
578.8326	353.8141
579.7629	353.8631
580.6932	353.9790
581.6235	354.0218
582.5538	354.0715
583.4840	354.0778
584.4143	354.0496
585.3400	354.0153
586.2657	354.0964
587.1913	354.1979
588.1170	354.2711
589.0427	354.3147
589.9683	354.2953
590.8940	354.3045
591.8197	354.6027
592.7637	354.6658
593.7077	355.0090
594.6517	355.1698
595.5957	355.1947
596.5397	355.2699
597.4662	355.4066
598.3927	355.6032
599.3192	355.7859
600.2457	355.8831
601.1722	355.9573
602.0987	355.9782
603.0252	355.9214
603.9966	355.9349
604.9680	356.0221
605.9394	355.9454
606.9108	355.9868
607.8823	356.1415
608.8537	356.1482
609.7498	356.1256
610.6459	356.1651
611.5420	356.2790
612.4382	356.3914
613.3343	356.4124
614.2304	356.4221
615.1265	356.3856
616.0227	356.5640
616.9188	356.8340
617.9110	357.1504
618.9032	357.1543
619.8953	357.2143
620.8875	357.2273
621.8655	357.2776
622.8435	357.3312
623.8215	357.2850
624.7994	357.4765
625.7774	357.6275
626.7554	357.7498
627.7334	357.7833
628.7114	357.8301
629.6893	357.9414
630.6673	357.9138
631.6453	357.9073
632.6233	357.9004
633.5606	357.9520
634.4980	358.0239
635.4353	358.0856
636.3727	358.1196
637.3101	358.0865
638.2474	358.2301
639.1848	358.5210
640.1221	358.8367
641.0595	359.1751
642.0559	359.4541
643.0524	359.3608
644.0489	359.2022
645.0453	359.5810
646.0418	359.7623
647.0382	360.2085
648.0347	360.6415
649.0312	360.9389
650.0276	361.1642
651.0241	361.2470
652.0021	360.9939
652.9801	360.6293
653.9580	360.2785
654.9360	360.0516
655.9140	359.6645
656.8920	360.0761
657.8700	360.3701
658.8480	360.6094
659.8259	360.9034
660.8039	361.1568
661.7819	361.3280
662.7599	361.2948
663.6729	361.4130
664.5860	361.4772
665.4991	361.6511
666.4121	361.9607
667.3252	362.2567
668.2383	362.4879
669.1513	362.4102
670.0354	362.0847
670.9196	361.9179
671.8037	361.8801
672.6878	361.8419
673.5719	362.0430
674.4560	362.0811
675.3401	362.1177
676.2243	362.2363
677.1984	362.3771
678.1725	362.4969
679.1467	362.2929
680.1208	362.3683
681.0949	362.5635
682.0691	362.7738
683.0432	363.0410
684.0173	363.2742
684.9915	363.4041
685.8594	363.3596
686.7273	363.2068
687.5952	363.0082
688.5579	363.2711
689.5207	363.4847
690.4834	363.5094
691.4461	363.3916
692.4089	363.2828
693.3716	363.2054
694.3343	363.2028
695.2971	363.2816
696.2598	363.4349
697.2225	363.6192
698.1853	363.8788
699.1597	363.9835
700.1342	364.0049
701.1087	364.0976
702.0832	364.1414
703.0576	364.1893
704.0321	364.3703
705.0066	364.5586
705.9811	364.6378
706.9555	364.6786
707.9300	364.9365
708.9045	365.3263
709.8790	365.5272
710.7727	365.4650
711.6664	365.8743
712.5601	366.6344
713.4539	367.3830
714.3476	367.7189
715.2413	367.7870
716.1350	367.7952
717.0559	367.7933
717.9768	367.8253
718.8977	367.7629
719.8186	367.8366
720.7395	367.8675
721.6604	367.8483
722.5813	367.8985
723.5021	367.9357
724.4230	367.9829
725.3439	368.0448
726.3425	368.0646
727.3412	368.0978
728.3398	368.2059
729.3384	368.1596
730.3370	368.1138
731.3356	368.0699
732.3343	368.0976
733.3329	368.1736
734.3315	368.2222
735.3301	368.3784
736.3288	368.4483
737.3274	368.6309
738.3260	368.6157
739.3246	368.6906
740.3232	368.7384
741.3219	368.8405
742.3205	368.9033
743.3191	368.9512
744.3177	368.9458
745.2770	369.0292
746.2362	369.0754
747.1955	369.1926
748.1548	369.3129
749.1140	369.4212
750.0733	369.5108
751.0326	369.5342
751.9918	369.5944
752.9511	369.7074
753.9103	369.7705
754.8696	369.8385
755.8387	369.9464
756.8078	370.0073
757.7769	370.0903
758.7460	370.2761
759.7151	370.5349
760.6842	370.8441
761.6533	371.1319
762.6224	371.4351
763.4356	371.5642
764.2488	371.6253
765.0620	371.7999
765.8751	371.9518
766.6883	372.0594
767.6763	372.1721
768.6644	372.3395
769.6524	372.5095
770.6404	372.7627
771.6284	372.8417
772.6164	372.9216
773.6045	373.0462
774.5603	373.0741
775.5161	373.1211
776.4719	373.1874
777.4277	373.3864
778.3835	373.5043
779.3393	373.6520
780.2951	373.7907
781.2509	373.9300
782.2069	374.0179
783.1630	374.0485
784.1191	374.1038
785.0752	374.3648
786.0313	374.4889
786.9874	374.6533
787.9435	374.7361
788.8995	374.6748
789.8556	374.5978
790.8117	374.6180
791.7678	374.6422
792.7239	374.6755
793.6800	374.8020
794.6361	374.9112
795.5921	374.9673
796.5163	375.0678
797.4404	375.1867
798.3646	375.2381
799.2887	375.3319
800.2129	375.3634
801.1370	375.4900
802.0612	375.5956
802.9853	375.7518
803.9095	375.8702
804.8336	375.9375
805.7578	375.9553
806.6819	375.9914
807.6191	376.0650
808.5563	376.1892
809.4935	376.3245
810.4307	376.5584
811.3679	376.7044
812.3050	376.6687
813.2422	376.6803
814.1794	376.7071
815.1166	376.7038
816.0538	376.8525
816.9909	376.9786
817.9531	377.0356
818.9153	377.0636
819.8775	377.1328
820.8396	377.2193
821.8018	377.2745
822.7640	377.4089
823.7262	377.5660
824.7021	377.9213
825.6780	378.3124
826.6538	378.3058
827.6297	378.1990
828.6056	378.1147
829.5815	378.1195
830.5574	378.3545
831.5333	378.7722
832.5092	379.0853
833.4617	379.1897
834.4142	379.2515
835.3667	379.3133
836.3192	379.3267
837.2717	379.2510
838.2242	379.6917
839.1767	379.8178
840.1104	379.7573
841.0441	379.6434
841.9777	379.7592
842.9114	379.9341
843.8450	380.1300
844.7787	380.2804
845.7124	380.6356
846.6460	380.7748
847.5797	380.7692
848.5133	380.8093
849.4470	380.9265
850.3807	381.0714
851.3352	381.0955
852.2898	380.9933
853.2444	380.8745
854.1990	380.9198
855.1535	381.0862
856.1081	381.1564
857.0627	381.3337
858.0173	381.4800
858.9862	381.5191
859.9551	381.6392
860.9023	381.8348
861.8494	382.0888
862.7966	382.1008
863.7438	382.1957
864.6910	382.4320
865.6261	382.7238
866.5611	383.0247
867.4962	383.3250
868.4313	383.6332
869.3664	383.9522
870.3014	384.2737
871.2365	384.6575
872.1737	384.9942
873.1108	385.1014
874.0480	385.2254
874.9851	385.4935
875.9223	385.6546
876.8594	385.5700
877.7966	385.4446
878.7338	385.4917
879.6709	385.6313
880.6081	385.6760
881.5072	385.9083
882.4064	386.1228
883.3056	386.2719
884.2047	386.4301
885.1039	386.6106
885.9393	386.7095
886.7747	386.8067
887.6102	386.8956
888.4456	386.9497
889.2811	387.0760
890.1165	387.0628
891.0760	387.2039
892.0354	387.0786
892.9949	387.3034
893.9543	387.5821
894.9138	387.5287
895.8733	387.5060
896.8327	387.5556
897.7922	387.6470
898.7517	387.6880
899.7111	387.7909
900.6706	387.7852
901.6622	388.1443
902.6538	388.2496
903.6453	388.5019
904.6369	388.5726
905.6285	388.6074
906.6201	388.7617
907.6116	388.9409
908.6032	389.2396
909.5948	389.4939
910.5864	389.7597
911.5779	389.9794
912.5695	390.3366
913.5186	390.9211
914.4677	391.3669
915.4168	391.5377
916.3659	391.5766
917.3150	391.5827
918.2641	391.6448
919.2132	391.7960
920.1623	391.8519
921.1114	391.9997
922.0605	392.1141
923.0096	392.1989
923.9732	392.2680
924.9367	392.3389
925.9003	392.6627
926.8638	392.6922
927.8274	392.7330
928.7909	392.8223
929.7545	392.9356
930.7180	393.0641
931.6816	393.0843
932.6370	393.2318
933.5924	393.5127
934.5477	393.6394
935.5031	393.7313
936.4585	393.8611
937.4139	393.8591
938.3693	393.9195
939.3247	394.1071
940.2801	394.2320
941.2355	394.3032
942.1909	394.4361
943.1463	394.4943
944.1017	394.5244
945.0811	394.7349
946.0605	395.0494
947.0399	394.7933
948.0193	394.5479
948.9987	394.5532
949.9781	394.9654
950.9575	395.1525
951.8696	395.2108
952.7818	395.3843
953.6940	395.5713
954.6061	395.7512
955.5183	395.9855
956.4305	396.1683
957.3426	396.1259
958.2548	396.0841
959.1097	396.1821
959.9646	396.5407
960.8195	397.1164
961.6744	397.8281
962.5293	398.3299
963.5055	398.4890
964.4818	398.5742
965.4580	398.5480
966.4342	398.6516
967.4105	398.7625
968.3867	398.8216
969.3630	398.8846
970.2644	398.9158
971.1659	399.0222
972.0674	399.2083
972.9689	399.3607
973.8704	399.4366
974.7719	399.5547
975.6733	399.6817
976.5748	399.8020
977.4763	399.8782
978.4402	399.9852
979.4040	400.1605
980.3679	400.2920
981.3318	400.3911
982.2956	400.4795
983.2595	400.5696
984.2234	400.6655
985.1872	400.7623
986.1511	400.8771
987.0744	400.9964
987.9977	401.1131
988.9210	401.1836
989.8443	401.2832
990.7676	401.3833
991.6909	401.5611
992.6142	401.7017
993.5376	401.7683
994.4609	401.8382
995.3713	401.9246
996.2817	402.1288
997.1921	402.4177
998.0586	402.6784
998.9252	402.9092
999.7917	403.0178
1000.6583	403.0740
1001.5248	403.0898
1002.3914	403.0484
1003.2580	403.0387
1004.2025	403.1754
1005.1471	403.2842
1006.0917	403.3177
1007.0362	403.4344
1007.9808	403.5507
1008.9254	403.7556
1009.8699	403.8903
1010.8145	403.8783
1011.7591	403.9630
1012.7036	404.1289
1013.6482	404.2673
1014.5928	404.3834
1015.5303	404.4890
1016.4678	404.5935
1017.4053	404.6268
1018.3429	404.5966
1019.2804	404.5835
1020.2179	404.6381
1021.1554	404.7974
1022.0929	405.0173
1023.0304	405.2627
1024.0113	405.2030
1024.9921	405.0859
1025.9729	405.2036
1026.9538	405.7929
1027.9346	406.0864
1028.9154	405.8708
1029.8963	405.8955
1030.8771	405.9656
1031.8579	406.0276
1032.8498	406.1258
1033.8417	406.2080
1034.8336	406.3650
1035.8255	406.4575
1036.8174	406.7618
1037.7226	406.8332
1038.6279	406.8537
1039.5331	406.8797
1040.4383	406.9420
1041.3436	407.0931
1042.2488	407.1849
1043.1540	407.2110
1044.0593	407.3203
1045.0322	407.4946
1046.0052	407.5260
1046.9781	407.6171
1047.9511	407.7302
1048.9241	407.7931
1049.8970	407.8856
1050.8700	407.8808
1051.8429	408.0541
1052.7044	408.2671
1053.5658	408.5248
1054.4272	408.7596
1055.2886	408.9726
1056.1500	409.3244
1057.0114	409.5786
1058.0088	409.7338
1059.0062	409.7192
1060.0036	409.6438
1061.0010	409.6796
1061.9984	409.7072
1062.9958	409.7406
1063.9276	409.8263
1064.8594	409.8913
1065.7912	409.8932
1066.7230	409.9815
1067.6548	410.0950
1068.5866	410.1923
1069.5184	410.2794
1070.4502	410.3394
1071.3358	410.4805
1072.2215	410.6034
1073.1071	410.7331
1073.9927	410.8818
1074.8784	411.1193
1075.7640	411.3601
1076.6496	411.6906
1077.5413	412.1192
1078.4330	412.5420
1079.3247	412.9356
1080.2164	413.2083
1081.1081	413.4807
1081.9998	413.7029
1082.8915	413.8882
1083.7896	414.1006
1084.6876	414.2988
1085.5856	414.4412
1086.4836	414.5790
1087.3817	414.7383
1088.2897	414.9125
1089.1977	415.1100
1090.1057	415.1961
1091.0137	415.2136
1091.9218	415.3438
1092.8298	415.5594
1093.7378	415.5618
1094.6458	415.5604
1095.5538	415.5241
1096.5458	415.7681
1097.5377	415.9595
1098.5296	416.1228
1099.5215	416.2059
1100.5135	416.4210
1101.5054	416.6232
1102.4973	416.8812
1103.4713	417.1446
1104.4452	417.4081
1105.4192	417.4308
1106.3931	417.4212
1107.3671	417.4222
1108.3410	417.4791
1109.3150	417.4989
1110.2890	417.5448
1111.2629	417.6815
1112.2369	417.8687
1113.1007	418.1664
1113.9646	418.4565
1114.8284	418.5543
1115.6923	418.6604
1116.5561	418.7705
1117.4200	418.8929
1118.3328	419.0271
1119.2456	419.0932
1120.1583	419.2101
1121.0711	419.3532
1121.9839	419.4217
1122.8967	419.5184
1123.8095	419.5486
1124.8012	419.5905
1125.7929	419.7432
1126.7847	419.9678
1127.7764	420.1949
1128.7681	420.3464
1129.7598	420.4770
1130.7515	420.6405
1131.7433	420.7944
1132.7350	420.9538
1133.6841	421.1061
1134.6332	421.2033
1135.5823	421.2484
1136.5314	421.3297
1137.4805	421.4040
1138.4296	421.4725
1139.3787	421.5461
1140.3278	421.5756
1141.2769	421.7214
1142.2260	421.8634
1143.1751	422.1068
1144.1681	422.1543
1145.1610	422.2771
1146.1540	422.3969
1147.1469	422.4764
1148.1399	422.5411
1149.1329	422.5116
1150.1258	422.5939
1151.1188	422.7515
1152.1118	422.8867
1153.0412	423.0075
1153.9706	423.0935
1154.9001	423.2281
1155.8295	423.2424
1156.7589	423.1397
1157.6884	423.1461
1158.6674	423.2091
1159.6465	423.3262
1160.6255	423.4559
1161.6046	423.7241
1162.5836	423.9440
1163.5627	423.9928
1164.5418	423.9854
1165.5208	424.0390
1166.4999	424.1236
1167.4789	424.3508
1168.4580	424.9289
1169.4370	425.1500
1170.3152	425.1197
1171.1933	425.1555
1172.0715	425.3064
1172.9496	425.2750
1173.8278	425.3733
1174.7239	425.5091
1175.6200	425.6228
1176.5161	425.6898
1177.4123	425.6969
1178.3084	425.6781
1179.2045	425.6512
1180.1006	425.7395
1180.9968	425.7600
1181.8929	426.0953
1182.8658	426.4999
1183.8388	426.8233
1184.8117	426.9894
1185.7847	427.1691
1186.7361	427.4010
1187.6876	427.6394
1188.6390	427.6848
1189.5905	427.7806
1190.5420	427.7546
1191.3892	427.9548
1192.2363	428.0100
1193.0835	428.1455
1193.9307	428.1973
1194.7779	428.2969
1195.7331	428.3329
1196.6882	428.4139
1197.6434	428.5569
1198.5985	428.7704
1199.5537	429.0486
1200.4205	429.4262
1201.2873	429.6086
1202.1540	429.9997
1203.0208	430.4866
1203.9438	430.9989
1204.8667	431.4296
1205.7897	431.6137
1206.7126	431.5353
1207.6356	431.0790
1208.5841	431.1863
1209.5326	431.2179
1210.4812	430.8328
1211.4297	430.5880
1212.3782	430.6941
1213.3268	430.9088
1214.2753	431.0368
1215.2239	431.1285
1216.1724	431.2042
1217.1209	431.4997
1218.0695	431.7892
1219.0180	431.8367
1220.0038	431.9076
1220.9896	431.8671
1221.9754	431.9560
1222.9611	431.9346
1223.9469	432.0273
1224.8922	432.0725
1225.8374	432.2668
1226.7827	432.6772
1227.7279	432.6674
1228.6732	432.6558
1229.6184	432.6551
1230.5636	432.6458
1231.5089	432.7110
1232.3768	432.9654
1233.2447	433.3044
1234.1126	433.6415
1234.9139	433.7834
1235.7153	433.8613
1236.5166	433.9009
1237.3179	433.9566
1238.1193	434.1544
1239.0833	434.4311
1240.0474	434.7427
1241.0115	435.0602
1241.9756	435.1799
1242.9396	435.1376
1243.8653	434.7293
1244.7910	434.7848
1245.7166	434.9904
1246.6423	435.3879
1247.5680	435.7673
1248.4936	435.9549
1249.4193	435.9431
1250.3450	436.0935
1251.1156	436.2901
1251.8861	436.5105
1252.6567	436.7900
1253.4273	437.0739
1254.2842	437.3631
1255.1412	437.6245
1255.9981	437.9225
1256.8551	438.2896
1257.7120	438.6654
1258.5689	439.0114
1259.4630	439.2957
1260.3571	439.5437
1261.2512	439.7263
1262.1453	439.7965
1263.0394	439.8517
1263.9934	439.9229
1264.9474	439.9899
1265.9014	439.9749
1266.8553	439.8536
1267.8093	439.7714
1268.7633	439.6794
1269.7172	439.8678
1270.6712	439.9646
1271.6252	440.0052
1272.6137	439.9859
1273.6023	440.1283
1274.5909	440.1410
1275.5565	440.1677
1276.5221	440.4116
1277.4878	440.4531
1278.4534	440.6275
1279.4191	440.8028
1280.3847	440.9891
1281.3398	441.1535
1282.2949	441.3383
1283.2500	441.4065
1284.2051	441.4146
1285.1603	441.4871
1286.1154	441.5263
1287.0705	441.6848
1288.0256	441.7922
1288.9807	442.0433
1289.8291	442.1483
1290.6776	442.2716
1291.5260	442.4093
1292.3744	442.5211
1293.2883	442.6026
1294.2022	442.6765
1295.1160	442.7038
1296.0299	442.8055
1296.9438	442.8965
1297.8576	443.0145
1298.8498	442.9716
1299.8420	442.9278
1300.8341	443.0950
1301.8263	443.3259
1302.6812	443.5327
1303.5361	443.6878
1304.3910	444.0874
1305.2459	444.4286
1306.1008	444.7204
1306.9557	444.9773
1307.8498	445.1858
1308.7439	445.1156
1309.6380	445.3901
1310.5321	445.5323
1311.4262	445.5173
1312.3471	445.1713
1313.2681	445.2039
1314.1890	445.3083
1315.1099	445.4744
1316.0308	445.5160
1316.9517	445.6207
1317.8727	445.7829
1318.7818	446.0980
1319.6910	446.4353
1320.6002	446.5624
1321.5094	446.4778
1322.4186	446.4808
1323.3827	446.3378
1324.3468	446.5214
1325.3108	446.6956
1326.2749	446.7977
1327.2390	446.8273
1328.0584	446.8950
1328.8777	446.8810
1329.6971	446.9786
1330.5165	447.1377
1331.3359	447.3251
1332.2163	447.4355
1333.0968	447.4905
1333.9772	447.5324
1334.8577	447.6316
1335.7382	447.9289
1336.6597	448.1952
1337.5812	448.0192
1338.5026	448.0060
1339.4241	448.3712
1340.3456	448.6256
1341.2671	448.8638
1342.2111	449.0974
1343.1551	449.3110
1344.0991	449.5045
1345.0431	449.6826
1345.9871	449.8239
1346.8342	449.7371
1347.6812	449.6383
1348.5283	449.6792
1349.3754	449.7191
1350.2225	449.8342
1351.0696	449.9875
1352.0613	450.1052
1353.0530	450.2099
1354.0447	450.3903
1355.0364	450.6075
1356.0281	450.5929
1357.0198	450.6081
1358.0115	450.6293
1359.0032	450.6673
1359.9950	450.8528
1360.8668	451.1144
1361.7386	451.1752
1362.6105	451.5118
1363.4823	451.6869
1364.3541	451.8110
1365.2374	451.9254
1366.1207	452.0374
1367.0040	452.1615
1367.8873	452.4239
1368.7706	452.6020
1369.6539	452.7709
1370.5372	453.1290
1371.4971	453.0851
1372.4571	453.1266
1373.4170	453.3472
1374.3769	453.5718
1375.2602	453.6436
1376.1435	453.6408
1377.0268	453.6971
1377.9101	453.7473
1378.7934	453.7830
1379.6766	453.8314
1380.5599	453.9707
1381.4841	454.2823
1382.4082	454.5594
1383.3324	454.6157
1384.2565	454.7461
1385.1807	455.0202
1386.1048	455.2253
1387.0183	455.4231
1387.9319	455.5246
1388.8454	455.7160
1389.7545	455.8948
1390.6637	456.1135
1391.5729	456.1532
1392.4821	456.1928
1393.3912	456.3283
1394.2579	456.4960
1395.1246	456.8187
1395.9913	456.8385
1396.8580	456.8229
1397.7247	456.8620
1398.5914	456.9756
1399.5160	457.0857
1400.4406	457.2719
1401.3651	457.5649
1402.2897	457.6537
1403.2143	457.9049
1404.1173	458.1265
1405.0204	458.2541
1405.9234	458.3476
1406.8265	458.4473
1407.7296	458.5456
1408.6488	458.7201
1409.5681	458.8861
1410.4873	459.2015
1411.4066	459.3277
1412.3259	459.4058
1413.2451	459.6209
1414.1644	459.7971
1415.0836	460.0390
1415.9481	460.2330
1416.8126	460.3172
1417.6770	460.3631
1418.5415	460.3908
1419.4060	460.5972
1420.2704	460.7608
1421.1349	460.8494
1421.9986	460.9131
1422.8623	461.0612
1423.7260	461.0906
1424.5897	461.0879
1425.4534	461.1268
1426.3592	461.3105
1427.2650	461.4325
1428.1708	461.5634
1429.0766	461.7038
1429.9824	462.0480
1430.8882	462.2474
1431.7288	462.4399
1432.5694	462.4392
1433.4100	462.4184
1434.2506	462.4054
1435.0912	462.4801
1435.9155	462.4768
1436.7398	462.5830
1437.5641	462.7860
1438.3884	462.8890
1439.2127	462.9254
1440.1524	463.0332
1441.0922	463.2029
1442.0319	463.4298
1442.9716	463.5827
1443.9113	463.9186
1444.8511	463.7017
1445.7908	463.7701
1446.6703	464.0410
1447.5498	464.4419
1448.4293	464.6716
1449.3088	464.5542
1450.1883	464.6877
1451.0678	464.7117
1452.0386	464.7568
1453.0093	464.8778
1453.9800	465.0288
1454.9507	465.0959
1455.9214	465.3252
1456.8921	465.8303
1457.7405	465.9185
1458.5889	466.1646
1459.4374	466.2506
1460.2858	466.5403
1461.2467	466.7157
1462.2076	466.9624
1463.1686	466.9023
1464.1295	467.0533
1465.0904	467.2659
1465.9665	467.2956
1466.8425	467.4306
1467.7186	467.4933
1468.5946	467.6769
1469.4707	468.3589
1470.3467	468.9969
1471.2228	468.8188
1472.0988	468.5223
1472.9669	468.4060
1473.8349	468.4316
1474.7030	468.5841
1475.5710	468.8530
1476.4390	468.9643
1477.3071	468.9370
1478.1751	468.8567
1479.1195	469.2116
1480.0639	469.5290
1481.0083	469.8642
1481.9527	470.1433
1482.8971	470.2624
1483.8414	470.4601
1484.6819	470.5643
1485.5223	470.5049
1486.3628	470.6148
1487.2032	470.8592
1488.0437	471.1117
1488.8841	471.2952
1489.8625	471.2547
1490.8410	471.3026
1491.8194	471.4327
1492.7979	471.4924
1493.7763	471.7612
1494.7547	471.9178
1495.7332	471.8645
1496.7116	471.9127
1497.6901	471.9228
1498.5713	471.9767
1499.4525	472.1102
1500.3337	472.2452
1501.2149	472.4702
1502.1241	472.6304
1503.0333	472.6662
1503.9425	472.9874
1504.8516	473.2171
1505.7608	473.2754
1506.6580	473.2545
1507.5552	473.5280
1508.4523	473.8471
1509.3495	474.1211
1510.2466	474.3492
1511.1438	474.4565
1512.0410	474.5605
1512.9241	474.6145
1513.8071	474.6779
1514.6902	474.7482
1515.5733	474.8982
1516.4564	475.0293
1517.3395	475.0560
1518.3149	475.1412
1519.2904	475.2902
1520.2658	475.4773
1521.2412	475.7064
1522.2167	476.0301
1523.1921	476.1351
1524.1675	476.2123
1525.1430	476.1742
1526.1184	476.2260
1527.0938	476.2789
1528.0693	476.4086
1529.0447	476.6389
1530.0201	476.6948
1530.9956	476.8940
1531.9710	477.1922
1532.9464	477.5351
1533.8323	477.8767
1534.7182	478.1614
1535.6041	478.2973
1536.4899	478.3403
1537.3758	478.4702
1538.2617	478.5921
1539.1475	478.8374
1540.0334	479.0737
1541.0131	479.1851
1541.9929	479.3044
1542.9726	479.5270
1543.9523	479.6484
1544.9320	479.6650
1545.9118	479.6935
1546.8915	479.7124
1547.8712	479.7321
1548.8509	479.8426
1549.7626	479.9473
1550.6743	480.1467
1551.5859	480.3876
1552.4976	480.4990
1553.4093	480.5826
1554.3209	480.6087
1555.2326	480.6535
1556.1051	480.7349
1556.9775	480.8019
1557.8500	480.8741
1558.7225	480.9757
1559.5949	481.0739
1560.4674	481.1356
1561.3399	481.2361
1562.2316	481.4223
1563.1233	481.5378
1564.0150	481.8273
1564.9067	481.8810
1565.7984	481.9125
1566.6901	481.9320
1567.5818	482.0168
1568.4288	482.0734
1569.2759	482.1127
1570.1230	482.4529
1570.9701	483.2541
1571.8172	484.1307
1572.6643	485.0638
1573.6242	485.4223
1574.5841	485.5173
1575.5440	485.5708
1576.5039	485.6738
1577.3705	485.8343
1578.2371	485.9013
1579.1037	486.0988
1579.9703	486.1708
1580.8369	486.2093
1581.7498	486.2082
1582.6626	486.3137
1583.5754	486.3557
1584.4882	486.4424
1585.4010	486.6126
1586.3138	486.8191
1587.2266	487.0222
1588.1394	487.0752
1589.0703	487.3114
1590.0013	487.7008
1590.9322	487.9108
1591.8631	487.9309
1592.7941	488.0218
1593.7250	488.1525
1594.6559	488.2468
1595.5063	488.3798
1596.3567	488.4165
1597.2071	488.5091
1598.0575	488.5613
1598.9078	488.6172
1599.7582	488.6450
1600.7542	488.7219
1601.7502	488.9251
1602.7462	488.9944
1603.7421	489.2031
1604.7381	489.3188
1605.7341	489.3456
1606.6325	489.5623
1607.5309	489.6881
1608.4294	489.7059
1609.3278	489.6770
1610.2262	489.6256
1611.1246	489.7859
1612.0028	490.0330
1612.8809	490.3115
1613.7591	490.4671
1614.6372	490.6962
1615.5154	490.9240
1616.4165	491.1259
1617.3177	491.1844
1618.2188	491.4997
1619.0555	491.5953
1619.8922	491.8552
1620.7288	492.0427
1621.5861	492.1776
1622.4434	492.3515
1623.3006	492.5677
1624.1579	492.8782
1625.0151	493.0623
1625.8817	493.1690
1626.7484	493.2615
1627.6150	493.3569
1628.4816	493.4164
1629.3482	493.4417
1630.2552	493.5736
1631.1621	493.5467
1632.0691	493.6453
1632.9761	493.7622
1633.8830	493.7983
1634.7900	493.8884
1635.6970	494.0443
1636.6039	494.1232
1637.5349	494.2116
1638.4658	494.3047
1639.3967	494.5046
1640.3277	494.7089
1641.2586	494.7549
1642.1895	494.9028
1643.1205	495.0669
1643.9577	495.1775
1644.7949	495.2774
1645.6321	495.3398
1646.4692	495.3934
1647.3474	495.4217
1648.2256	495.5268
1649.1038	495.6775
1649.9819	495.8700
1650.8601	496.0889
1651.7924	496.3711
1652.7247	496.6075
1653.6570	496.7623
1654.5893	496.9066
1655.5217	496.9476
1656.4540	496.9579
1657.3863	497.0513
1658.2197	497.1610
1659.0532	497.3026
1659.8866	497.4285
1660.7200	497.5533
1661.5785	497.6200
1662.4370	497.7218
1663.2955	497.7194
1664.1540	497.7614
1665.0125	497.8090
1665.8710	497.9478
1666.7295	498.0854
1667.6762	498.0744
1668.6229	498.2708
1669.5696	498.4609
1670.5163	498.9017
1671.4820	499.1195
1672.4476	499.3646
1673.3366	499.4720
1674.2256	499.8621
1675.1146	499.9291
1676.0036	499.9501
1676.8926	499.9917
1677.6026	500.1729
1678.3126	500.3423
1679.2021	500.4497
1680.0917	500.6569
1680.9813	500.7655
1681.8708	500.8818
1682.7604	500.9601
1683.7361	501.1068
1684.7118	501.2676
1685.6876	501.5459
1686.6633	501.5245
1687.6390	501.6632
1688.6147	501.8507
1689.6065	501.9901
1690.5983	502.3188
1691.5900	502.6023
1692.5818	502.7459
1693.5735	502.8554
1694.5653	503.0682
1695.5038	503.2959
1696.4424	503.4838
1697.3809	503.5660
1698.3195	503.6556
1699.2581	503.7054
1700.1966	503.8413
1701.1352	503.9798
1702.0737	504.0183
1703.0511	504.1467
1704.0285	504.2357
1705.0059	504.3822
1705.9833	504.4808
1706.9607	504.5322
1707.9381	504.4882
1708.9155	504.6077
1709.8929	504.8220
1710.8625	504.9105
1711.8321	505.0701
1712.8017	505.2173
1713.7713	505.2142
1714.7410	505.5323
1715.7106	505.7547
1716.6802	506.0335
1717.6411	506.1480
1718.6021	506.2748
1719.5630	506.4268
1720.5240	506.7468
1721.4849	507.2912
1722.4144	507.6615
1723.3438	507.7464
1724.2733	507.8888
1725.2028	508.0191
1726.1322	508.1285
1727.0602	508.2424
1727.9883	508.2798
1728.9163	508.4163
1729.8443	508.4924
1730.7723	508.4517
1731.7003	508.6349
1732.6283	509.0712
1733.5563	509.7933
1734.4843	510.3024
1735.4573	510.5926
1736.4303	510.7139
1737.4032	510.8318
1738.3762	510.8872
1739.3491	510.8694
1740.3221	511.1942
1741.2951	512.1669
1742.2680	513.1657
1743.1801	513.3897
1744.0922	513.4960
1745.0043	513.5693
1745.9164	513.6701
1746.8284	513.8167
1747.7405	513.9469
1748.6526	514.0061
1749.5647	514.1072
1750.4768	514.1768
1751.3888	514.1991
1752.3648	514.2374
1753.3407	514.2900
1754.3167	514.3515
1755.2926	514.3538
1756.2685	514.4409
1757.2445	514.5193
1758.2204	514.6046
1759.1964	514.6677
1760.1723	514.7541
1761.1483	514.8327
1762.1242	514.9269
1763.0507	514.9779
1763.9772	514.9953
1764.9037	515.0083
1765.8302	514.9466
1766.7567	515.0647
1767.6832	515.0570
1768.6097	515.2374
1769.5914	515.2813
1770.5732	515.4072
1771.5549	515.6261
1772.5367	515.6127
1773.5185	515.6954
1774.5002	515.8270
1775.4820	515.8562
1776.4637	516.0476
1777.4455	516.2332
1778.4272	516.1594
1779.4090	516.2343
1780.3907	517.0088
1781.3725	518.3834
1782.3543	519.9982
1783.2906	520.1877
1784.2270	520.2176
1785.1633	520.2435
1786.0997	520.2804
1787.0361	520.3834
1787.9724	520.4739
1788.9088	520.5270
1789.8451	520.7524
1790.7815	521.5371
1791.7796	521.9004
1792.7777	521.9755
1793.7758	522.0936
1794.7739	522.1742
1795.7721	522.2387
1796.7702	523.5907
1797.7683	524.5755
1798.7437	524.6310
1799.7191	524.7122
1800.6945	524.7945
1801.6699	524.8582
1802.6453	524.8737
1803.6207	524.8953
1804.5961	524.9645
1805.5715	524.9912
1806.5469	525.0819
1807.5223	525.1841
1808.4978	525.2529
1809.4732	525.3147
1810.4486	525.3488
1811.4240	525.4084
1812.3994	525.5103
1813.3748	525.5923
1814.3502	525.6869
1815.3256	525.7914
1816.3010	525.7940
1817.2764	525.8580
1818.2518	525.8963
1819.2272	526.0254
1820.2026	526.1362
1821.1780	526.2332
1822.1534	526.4107
1823.1288	526.4857
1824.1042	526.6203
1825.0796	526.7502
1826.0550	526.8960
1827.0305	527.0053
1827.9307	527.1130
1828.8310	527.2197
1829.7313	527.3123
1830.6316	527.4177
1831.5318	527.5496
1832.4321	527.5671
1833.3324	527.6917
1834.2327	527.7932
1835.1329	527.8515
1836.0460	528.0349
1836.9590	528.1526
1837.8721	528.2446
1838.7851	528.3410
1839.6981	528.4236
1840.6112	528.5120
1841.5242	528.6597
1842.4373	528.7341
1843.4127	528.8781
1844.3881	529.0449
1845.3636	529.1416
1846.3390	529.1854
1847.3145	529.3286
1848.2899	529.5135
1849.2653	529.5765
1850.2002	529.8408
1851.1351	529.9599
1852.0699	530.2437
1853.0048	530.2336
1853.9396	530.3424
1854.8745	530.4692
1855.8093	530.5009
1856.7442	530.8023
1857.6790	530.9648
1858.6714	531.1258
1859.6638	531.3755
1860.6562	531.5726
1861.6486	531.7890
1862.6410	531.7077
1863.6334	531.7420
1864.6258	531.9159
1865.6182	532.0810
1866.6024	532.2264
1867.5867	532.3760
1868.5709	532.5210
1869.5552	532.6976
1870.5395	533.5797
1871.4394	534.8766
1872.3394	534.9831
1873.2394	535.0737
1874.1393	535.1705
1875.0393	535.7145
1875.9393	537.1084
1876.8951	537.5254
1877.8509	537.6001
1878.8067	537.6602
1879.7625	537.7076
1880.7183	537.7645
1881.6741	537.8345
1882.6299	537.9340
1883.5857	537.9835
1884.5415	538.0678
1885.4973	538.1793
1886.4390	538.2655
1887.3807	538.3741
1888.3224	538.4555
1889.2641	538.5827
1890.2058	538.6416
1891.1474	538.7974
1892.0891	538.9693
1893.0308	539.0921
1893.9725	539.1918
1894.9142	539.3033
1895.8559	539.4746
1896.7976	539.5815
1897.7392	539.6894
1898.6809	539.8506
1899.6226	539.9754
1900.5643	540.1403
1901.5060	540.2462
1902.4512	540.3643
1903.3964	540.5038
1904.3416	540.5674
1905.2868	540.6620
1906.2320	540.7960
1907.1773	540.9855
1908.1225	541.1587
1909.0677	541.2984
1910.0129	541.4275
1910.9581	541.5696
1911.9033	541.6529
1912.8485	541.7929
1913.8012	541.7805
1914.7538	541.9618
1915.7064	542.0846
1916.6591	542.2190
1917.6117	542.3222
1918.5644	542.4627
1919.5170	542.6049
1920.4696	542.7260
1921.4223	542.8405
1922.3749	542.9167
1923.2232	542.9797
1924.0715	543.0381
1924.9198	543.1177
1925.9126	543.3628
1926.9054	543.4913
1927.8983	543.6324
1928.8911	543.6633
1929.8839	543.7450
1930.8768	543.8990
1931.8696	544.0490
1932.8624	544.2319
1933.8552	544.4335
1934.8481	544.5698
1935.8409	544.7425
1936.8337	544.9856
1937.8265	545.1843
1938.7799	545.2142
1939.7332	545.3221
1940.6865	545.4680
1941.6399	545.6858
1942.5932	545.8234
1943.5465	546.2301
1944.4999	546.5595
1945.4532	546.8162
1946.3893	547.0197
1947.3253	547.1626
1948.2614	547.5097
1949.1975	547.9416
1950.1336	548.2110
1951.0696	548.4973
1952.0057	548.8113
1952.9418	549.1603
1953.8779	549.5292
1954.8139	549.7564
1955.7500	549.8361
1956.6861	550.1301
1957.6222	550.7588
1958.5279	550.9802
1959.4337	551.1622
1960.3395	551.3966
1961.2453	551.5457
1962.1511	551.6869
1963.0569	551.8447
1963.9627	552.0027
1964.8685	552.1210
1965.7743	552.1945
1966.7377	552.3124
1967.7010	552.5268
1968.6644	552.6877
1969.6278	552.7213
1970.5912	552.9090
1971.5545	553.1576
1972.5179	553.3875
1973.4813	553.5174
1974.4446	553.6792
1975.4080	554.0440
1976.3714	554.2836
1977.3653	554.5145
1978.3593	554.6596
1979.3533	554.7252
1980.3473	554.6641
1981.3413	554.6186
1982.3353	554.7000
1983.3293	554.8720
1984.3232	555.1211
1985.2206	555.3158
1986.1180	555.5120
1987.0153	555.8678
1987.9127	556.1609
1988.8101	556.3517
1989.7075	556.5123
1990.6048	556.7230
1991.5022	556.9430
1992.4756	557.1712
1993.4489	557.3546
1994.4223	557.5853
1995.3957	557.7684
1996.3691	558.1269
1997.3424	558.5009
1998.3158	558.7759
1999.2892	558.9880
2000.2625	559.2379
2001.2359	559.5123
2002.2093	559.9174
2003.1034	560.1834
2003.9975	560.3807
2004.8915	560.5783
2005.7856	560.7146
2006.6797	560.7339
2007.6240	561.0528
2008.5682	561.2722
2009.5125	561.4523
2010.4568	561.6442
2011.4010	561.8424
2012.3453	562.0590
2013.2895	562.2823
2014.2338	562.5320
2015.1780	562.7799
2016.1223	563.0983
2017.0769	563.4308
2018.0316	563.7177
2018.9862	563.9490
2019.9408	564.1932
2020.8954	564.3513
2021.8501	564.4940
2022.8047	564.5919
2023.7593	564.8192
2024.7140	564.9280
2025.6858	565.0438
2026.6577	565.2099
2027.6295	565.3784
2028.6014	565.5350
2029.5732	565.7287
2030.5451	565.9038
2031.5170	566.1184
2032.4888	566.3343
2033.4607	566.5329
2034.4325	566.6742
2035.4044	566.8331
2036.3763	567.0901
2037.3481	567.1233
2038.3200	567.2696
2039.2918	567.3253
2040.2637	567.3919
2041.2355	567.4203
2042.2074	567.4545
2043.1793	567.5667
2044.1511	567.5996
2045.1230	567.6726
2046.0948	567.8716
2047.0667	568.0125
2048.0250	568.2045
2048.9834	568.4446
2049.9418	568.8155
2050.9001	569.1399
2051.8585	569.3669
2052.7822	569.5921
2053.7060	569.6451
2054.6297	569.5706
2055.5535	569.6284
2056.4772	569.7219
2057.4010	569.8564
2058.3247	570.0349
2059.3074	570.3233
2060.2902	570.5328
2061.2729	570.7687
2062.2557	570.8926
2063.2384	570.9931
2064.2211	571.0690
2065.2039	571.0789
2066.1682	571.1112
2067.1326	571.2138
2068.0969	571.3907
2069.0612	571.5459
2070.0256	571.8837
2070.9899	572.1264
2071.9542	572.4114
2072.9186	572.6823
2073.8829	572.8270
2074.8248	573.0359
2075.7667	573.2332
2076.7086	573.3839
2077.6504	573.4537
2078.5923	573.6729
2079.5342	573.8716
2080.4761	574.0265
2081.3188	574.2117
2082.1614	574.4077
2083.0041	574.6715
2083.8468	574.8162
2084.6895	574.9420
2085.6601	575.1715
2086.6307	575.4360
2087.6014	575.6000
2088.5720	575.7656
2089.5426	575.8271
2090.5133	575.9425
2091.4346	576.0633
2092.3559	576.1930
2093.2772	576.2651
2094.1985	576.3183
2095.1198	576.5252
2096.0411	576.5908
2096.9624	576.7609
2097.8837	577.0062
2098.8611	577.2020
2099.8384	577.4218
2100.8158	577.5682
2101.7931	577.7238
2102.7705	577.9982
2103.6849	578.1027
2104.5993	578.2731
2105.5138	578.3571
2106.4282	578.4866
2107.3426	578.6611
2108.2571	578.7348
2109.1715	579.0123
2110.0859	579.3158
2110.9846	579.9291
2111.8833	580.5205
2112.7819	580.8127
2113.6806	581.1091
2114.5793	581.4595
2115.4780	581.8118
2116.3766	582.2358
2117.2538	582.7709
2118.1310	583.9018
2119.0081	584.1518
2119.8853	584.3922
2120.7625	584.6770
2121.6396	584.9826
2122.6089	585.3017
2123.5782	585.6130
2124.5475	585.7866
2125.5168	585.8776
2126.4861	585.9771
2127.3618	586.2007
2128.2376	586.4399
2129.1133	586.6365
2129.9891	586.7762
2130.8648	587.0065
2131.7406	587.2664
2132.6989	587.3572
2133.6573	587.4786
2134.6156	587.5952
2135.5740	587.6788
2136.5324	587.8239
2137.4907	587.9601
2138.3862	588.1145
2139.2817	588.2646
2140.1772	588.4121
2141.0727	588.6013
2141.9682	588.8020
2142.8636	588.9068
2143.7591	588.9381
2144.6671	589.0643
2145.5752	589.2714
2146.4832	589.3788
2147.3912	589.5899
2148.2992	589.7960
2149.2072	589.9372
2150.1276	590.0819
2151.0480	590.2095
2151.9684	590.4260
2152.8888	590.5890
2153.8092	590.6743
2154.7296	590.8172
2155.6500	590.9226
2156.5034	591.0535
2157.3569	591.2375
2158.2103	591.3794
2159.0637	591.4494
2159.9172	591.6322
2160.7706	591.8587
2161.6803	592.0729
2162.5899	592.2245
2163.4996	592.4299
2164.4093	592.6167
2165.3189	592.8458
2166.2286	592.9317
2167.1383	593.2441
2167.9443	593.5771
2168.7503	593.8198
2169.5563	593.9255
2170.3623	594.0683
2171.2522	594.4865
2172.1421	594.7455
2173.0320	595.0584
2173.9219	595.2442
2174.8118	595.3611
2175.7017	595.4553
2176.5916	595.6300
2177.4815	595.7984
2178.4702	596.0325
2179.4588	596.2573
2180.4475	596.2981
2181.4361	596.4095
2182.4248	596.6450
2183.4134	596.7168
2184.4021	596.8440
2185.3907	596.9653
2186.3875	597.2231
2187.3842	597.5390
2188.3809	597.6013
2189.3776	597.7640
2190.3743	597.8830
2191.3711	597.9818
2192.3678	598.1180
2193.3467	598.2581
2194.3257	598.4702
2195.3046	598.5753
2196.2836	598.7903
2197.1610	598.9303
2198.0384	599.1126
2198.9159	599.3399
2199.7933	599.5239
2200.6707	599.7455
2201.5482	599.8978
2202.4256	600.0664
2203.3507	600.2316
2204.2758	600.4221
2205.2009	600.6287
2206.1261	600.7382
2207.0512	600.6665
2207.9763	600.8473
2208.9014	600.9781
2209.7074	601.1261
2210.5134	601.2964
2211.3194	601.4548
2212.1254	601.7265
2212.9314	602.0357
2213.7617	602.3668
2214.5921	602.7920
2215.4225	603.1508
2216.3224	603.4726
2217.2224	603.6512
2218.1224	603.8619
2219.0223	604.4796
2219.8904	605.5307
2220.7585	606.3372
2221.6266	606.6679
2222.4947	606.8604
2223.3628	606.9849
2224.2247	607.1822
2225.0866	607.3293
2225.9485	607.5392
2226.8105	607.7312
2227.6724	607.9161
2228.5343	607.9524
2229.3962	607.9611
2230.2737	608.1376
2231.1511	608.2906
2232.0285	608.2884
2232.9059	608.4898
2233.7834	608.6160
2234.6608	608.8031
2235.5382	609.0946
2236.4282	609.3044
2237.3182	609.4203
2238.2082	609.5016
2239.0982	609.6024
2239.9883	609.7892
2240.9499	610.1509
2241.9115	610.5665
2242.8732	610.8578
2243.8348	611.0678
2244.7027	611.3338
2245.5705	611.6194
2246.4383	611.7270
2247.3062	611.8588
2248.1740	612.0156
2249.1063	612.3038
2250.0386	612.6859
2250.9709	612.7497
2251.9032	612.8823
2252.8355	613.0313
2253.7578	613.2298
2254.6801	613.3114
2255.6023	613.4659
2256.5246	613.6814
2257.4468	613.8043
2258.3691	613.8582
2259.2914	614.1216
2260.1528	614.2851
2261.0142	614.4073
2261.8756	614.4983
2262.7370	614.6276
2263.7325	614.9408
2264.7279	615.3931
2265.7234	616.5013
2266.7189	616.9440
2267.7144	617.1644
2268.7098	617.3014
2269.6339	617.4800
2270.5580	617.6260
2271.4821	617.7959
2272.4062	617.8882
2273.3303	618.0867
2274.3022	618.2142
2275.2742	618.3985
2276.2462	618.5585
2277.2182	618.7309
2278.1902	618.9003
2279.1622	618.9147
2280.1341	619.1575
2280.9874	619.5206
2281.8407	619.7531
2282.6939	619.9793
2283.5472	620.3753
2284.4005	620.6355
2285.2824	620.8312
2286.1644	620.9890
2287.0463	621.1166
2287.9282	621.3971
2288.8102	621.4289
2289.6921	621.5862
2290.5764	621.7740
2291.4607	621.8839
2292.3450	622.0192
2293.2293	622.2414
2294.1136	622.6749
2294.9979	623.3337
2295.8821	623.5137
2296.7664	623.6711
2297.6496	623.7782
2298.5327	623.8626
2299.4158	624.0350
2300.2990	624.2376
2301.1821	624.4843
2302.0652	624.6905
2302.9484	624.9167
2303.8797	625.1485
2304.8111	625.4405
2305.7425	625.6413
2306.6738	625.6789
2307.6052	625.8809
2308.5366	626.1199
2309.4208	626.3081
2310.3050	626.4076
2311.1891	626.5915
2312.0733	626.8307
2312.9575	627.0074
2313.9035	627.0012
2314.8494	626.9920
2315.7953	627.1946
2316.7412	627.3046
2317.6872	627.4174
2318.6331	627.5508
2319.5790	627.6651
2320.5249	627.8184
2321.4709	627.9969
2322.4563	628.3505
2323.4417	628.7091
2324.4271	628.9221
2325.4125	629.1025
2326.3979	629.2791
2327.3833	629.4368
2328.3688	629.5435
2329.3542	629.7156
2330.3396	629.9792
2331.2574	630.5903
2332.1753	631.3797
2333.0932	631.5185
2334.0110	631.6908
2334.9289	631.8497
2335.8468	632.0074
2336.7646	632.2110
2337.6825	632.4334
2338.6004	632.5921
2339.5182	632.7487
2340.4361	632.9030
2341.4069	633.0371
2342.3777	633.2097
2343.3485	633.4142
2344.3193	633.5651
2345.2901	633.7581
2346.2609	634.0384
2347.2318	634.3393
2348.2026	634.5550
2349.1734	634.7042
2350.1442	635.0155
2351.1150	635.2965
2352.0857	635.6601
2353.0564	635.9445
2354.0271	636.1313
2354.9978	636.2926
2355.9685	636.5173
2356.9392	636.6324
2357.9098	636.8727
2358.8359	637.0952
2359.7619	637.2200
2360.6879	637.4069
2361.6140	637.6242
2362.5400	637.8512
2363.4660	638.0701
2364.4398	638.2181
2365.4137	638.4634
2366.3875	638.6687
2367.3613	638.8557
2368.3351	639.0490
2369.3089	639.2982
2370.2827	639.6874
2371.2565	640.0003
2372.2303	640.1774
2373.2041	640.4551
2374.1779	640.6759
2375.1333	640.9159
2376.0887	641.0631
2377.0441	641.2153
2377.9995	641.3451
2378.9549	641.5605
2379.9103	641.9706
2380.8657	642.2190
2381.8211	642.4232
2382.7765	642.5963
2383.7319	642.8434
2384.6873	642.9180
2385.6427	643.0206
2386.5980	643.2549
2387.5412	643.3881
2388.4843	643.4825
2389.4275	643.6171
2390.3706	643.7606
2391.3137	643.9159
2392.2569	644.1280
2393.2000	644.4538
2394.1431	644.7568
2395.0863	644.8851
2396.0294	645.1110
2396.9725	645.2733
2397.9157	645.4327
2398.8588	645.5987
2399.8145	645.8048
2400.7701	646.0786
2401.7258	646.2913
2402.6815	646.3535
2403.6372	646.4293
2404.5928	646.6021
2405.5485	646.8528
2406.5042	647.0275
2407.4598	647.2144
2408.4155	647.4896
2409.3712	647.8104
2410.3558	648.0940
2411.3404	648.4155
2412.3251	648.6025
2413.3097	648.7034
2414.2943	648.9711
2415.2789	649.3100
2416.2636	649.7531
2417.2482	649.9431
2418.2328	649.9802
2419.2174	650.1658
2420.2021	650.3989
2421.1867	650.9000
2422.1713	651.2416
2423.1559	651.4280
2424.1432	651.5836
2425.1305	651.7356
2426.1179	651.8695
2427.1052	652.0174
2428.0925	652.2469
2429.0798	652.4823
2430.0671	652.6729
2431.0544	652.9838
2432.0417	653.4961
2433.0124	654.0440
2433.9831	654.5340
2434.9538	654.9824
2435.9245	655.4097
2436.8952	655.7806
2437.8659	655.9268
2438.8365	656.0326
2439.8272	656.1287
2440.8179	656.2904
2441.8086	656.4066
2442.7993	656.5153
2443.7900	656.6728
2444.7807	656.7722
2445.7714	656.8666
2446.7621	656.9761
2447.7528	657.1111
2448.7434	657.2681
2449.7341	657.4458
2450.7248	657.4761
2451.6969	657.6313
2452.6690	657.8776
2453.6411	657.9172
2454.6133	658.0652
2455.5854	658.4676
2456.5575	659.0934
2457.5296	659.3838
2458.5017	660.1468
2459.4738	661.0303
2460.4459	661.4117
2461.4180	661.5620
2462.3901	661.7326
2463.3622	661.9427
2464.3485	662.1524
2465.3348	662.3433
2466.3211	662.6342
2467.3074	663.2602
2468.2937	664.0529
2469.2800	664.6327
2470.2663	664.8994
2471.2526	665.1991
2472.2389	665.5203
2473.2252	665.6546
2474.1166	665.8200
2475.0080	666.0281
2475.8994	666.2494
2476.7909	666.4846
2477.6823	667.0179
2478.5737	668.1649
2479.4651	669.7300
2480.3565	670.0844
2481.3037	670.3626
2482.2510	670.5777
2483.1982	670.7194
2484.1454	670.9340
2485.0926	671.0966
2485.9459	671.2134
2486.7991	671.3115
2487.6524	671.4366
2488.5056	671.4624
2489.3589	671.5581
2490.2121	671.6864
2491.1876	671.9082
2492.1630	672.2846
2493.1385	672.6205
2494.1139	672.7569
2495.0894	672.7199
2496.0648	672.8749
2497.0402	673.1121
2497.8873	673.2265
2498.7344	674.3550
2499.5815	675.7888
2500.4285	676.8073
2501.2756	677.4485
2502.1227	677.5795
2503.0740	677.7904
2504.0254	678.1816
2504.9768	678.5020
2505.9281	678.7309
2506.8795	679.0399
2507.8308	679.1757
2508.7822	679.2917
2509.7336	679.7297
2510.6849	679.9657
2511.6025	680.1990
2512.5200	680.6303
2513.4376	680.7547
2514.3551	681.1035
2515.2727	681.3557
2516.1902	681.4679
2517.1078	681.6406
2518.0254	681.8922
2518.9510	682.0926
2519.8767	682.1913
2520.8023	682.2589
2521.7055	682.3534
2522.6086	682.6262
2523.5118	682.8570
2524.4150	683.0127
2525.3181	683.0680
2526.2213	683.0978
2527.1245	683.2564
2528.0791	683.5029
2529.0337	683.5861
2529.9883	683.8169
2530.9429	684.5577
2531.8975	685.4289
2532.8183	685.8563
2533.7390	686.0764
2534.6598	686.2475
2535.5806	686.4034
2536.5013	686.5571
2537.4289	686.7081
2538.3564	686.7580
2539.2840	686.9001
2540.2115	687.4878
2541.1391	688.8254
2542.0666	689.4095
2543.0620	689.6420
2544.0574	689.7762
2545.0527	689.9802
2546.0481	691.1895
2546.9963	691.6107
2547.9446	691.9308
2548.8928	692.1268
2549.8411	692.2674
2550.7893	692.3944
2551.7375	692.6462
2552.6858	693.0192
2553.6340	693.2605
2554.5823	693.7415
2555.5356	695.5145
2556.4889	697.6565
2557.4423	698.5258
2558.3956	698.6383
2559.3540	698.8095
2560.3124	699.0393
2561.2707	699.3090
2562.2291	699.6455
2563.1875	699.8348
2564.1458	700.0718
2565.0489	700.9651
2565.9520	701.7281
2566.8551	701.9804
2567.7581	702.4135
2568.6612	703.3599
2569.5643	704.9530
2570.4584	706.3525
2571.3525	706.9698
2572.2466	707.2151
2573.1406	707.5656
2574.0347	709.0986
2574.8814	710.6161
2575.7281	710.9428
2576.5748	711.0569
2577.4405	711.2256
2578.3063	711.4644
2579.1721	711.6320
2580.0379	711.9134
2580.9037	712.1911
2581.7695	712.7661
2582.6352	713.1484
2583.6287	713.2971
2584.6221	713.5637
2585.6155	713.8694
2586.6090	714.4563
2587.6024	714.8634
2588.5959	715.0922
2589.5631	715.4177
2590.5302	716.6495
2591.4974	716.8724
2592.4646	717.0855
2593.4318	717.4806
2594.2351	717.8182
2595.0383	718.0311
2595.8415	718.1945
2596.6448	718.3368
2597.4480	718.3443
2598.3000	718.5513
2599.1519	718.7834
2600.0039	719.0909
2600.8558	719.3351
2601.7077	719.5340
2602.5790	719.7435
2603.4503	719.9867
2604.3216	720.2978
2605.1929	720.5432
2606.0642	720.8218
2606.9355	721.2546
2607.9333	721.5279
2608.9311	721.8569
2609.9289	726.4376
2610.9267	729.3390
2611.9245	730.8323
2612.9223	731.5433
2613.7231	733.3093
2614.5238	734.1849
2615.3246	734.3181
2616.1254	734.3305
2616.9430	734.4008
2617.7606	736.1814
2618.5782	737.3649
2619.3958	737.7075
2620.2134	737.9670
2621.2017	738.1742
2622.1900	738.3262
2623.1783	738.4896
2624.1666	738.8804
2625.1549	739.4985
2626.1015	739.6831
2627.0481	740.9676
2627.9947	742.8062
2628.9413	744.5169
2629.8879	745.2157
2630.8345	745.4688
2631.7811	745.4568
2632.7277	746.5421
2633.6743	749.0119
2634.6209	750.3088
2635.6119	750.4793
2636.6029	751.1898
2637.5939	751.7064
2638.5849	751.8291
2639.5759	752.0675
2640.4240	752.2936
2641.2722	752.5983
2642.1203	752.9505
2642.9685	753.2634
2643.8166	753.6221
2644.6647	753.9198
2645.5547	754.1658
2646.4447	754.6503
2647.3348	755.7941
2648.2248	756.7735
2649.1148	757.3906
2650.0758	758.0229
2651.0367	758.6130
2651.9977	759.0952
2652.9587	759.6564
2653.9197	760.3834
2654.8807	760.6844
2655.8416	760.8373
2656.7846	761.2075
2657.7277	761.4494
2658.6707	761.7456
2659.6137	762.1217
2660.5567	762.5959
2661.4997	762.8934
2662.4427	763.1386
2663.3857	763.5116
2664.3287	763.8336
2665.2717	764.3506
2666.2147	764.8116
2667.1461	765.3285
2668.0774	765.7508
2669.0088	766.0429
2669.9401	766.2282
2670.8715	767.8586
2671.8028	769.5440
2672.7342	770.2584
2673.6655	770.5403
2674.5969	770.7852
2675.5282	771.1094
2676.4768	771.3180
2677.4254	771.5742
2678.3740	771.7491
2679.3226	771.7995
2680.2712	771.8920
2681.2198	772.4498
2682.1684	773.2302
2683.1170	773.6117
2684.0656	774.1293
2685.0142	774.5063
2685.9627	774.8228
2686.9113	775.1486
2687.8599	776.8928
2688.8085	779.4388
2689.7571	779.9338
2690.7057	780.2022
2691.6297	780.4184
2692.5537	780.6403
2693.4778	780.9525
2694.4018	781.1790
2695.3258	781.5408
2696.2498	781.9718
2697.1738	782.2820
2698.0978	782.5898
2699.0218	782.7681
2699.9459	782.8302
2700.8699	783.0863
2701.7939	784.1675
2702.7703	786.0942
2703.7467	788.0042
2704.7231	789.1455
2705.6995	789.4959
2706.6759	790.0963
2707.6523	790.5476
2708.6287	790.8837
2709.6051	791.2924
2710.5815	791.6781
2711.5466	792.2111
2712.5118	792.6588
2713.4769	793.6604
2714.4420	794.6241
2715.4071	795.5621
2716.3722	796.4433
2717.3374	796.9957
2718.3025	797.5785
2719.2639	797.9911
2720.2253	798.5504
2721.1867	799.2266
2722.1481	799.9853
2723.1095	800.3326
2724.0709	800.8113
2725.0323	801.2106
2725.9937	801.5867
2726.9551	802.0049
2727.9165	802.6359
2728.8479	803.2549
2729.7792	803.6300
2730.7105	804.0188
2731.6419	804.6256
2732.5732	805.1968
2733.5045	805.6851
2734.4359	805.9743
2735.3672	806.9175
2736.2985	807.9419
2737.2299	808.5062
2738.2243	809.1389
2739.2187	809.8772
2740.2131	810.4252
2741.2075	810.6003
2742.2019	810.7972
2743.1963	811.0661
2744.1907	811.6115
2745.1851	812.3076
2746.1795	812.7301
2747.1738	813.5777
2748.1604	814.1144
2749.1469	814.5837
2750.1335	814.7973
2751.1200	815.5140
2752.1066	816.1456
2753.0931	816.5863
2754.0797	817.0495
2755.0569	817.2647
2756.0341	817.8727
2757.0112	818.4990
2757.9884	818.9094
2758.9656	819.4816
2759.9428	820.1577
2760.9200	820.7533
2761.8972	820.9791
2762.8744	822.1845
2763.8516	824.9004
2764.7739	825.6727
2765.6962	825.9027
2766.6185	826.4209
2767.5408	827.5103
2768.4631	828.2466
2769.3854	828.8795
2770.3077	829.3533
2771.2300	829.8833
2772.1523	830.1040
2773.0746	831.8142
2773.9969	832.5642
2774.9928	833.0510
2775.9886	833.6655
2776.9844	835.2064
2777.9803	837.1861
2778.9761	838.0642
2779.9719	838.8715
2780.9677	839.3868
2781.9636	839.8443
2782.9594	840.2655
2783.9552	840.8849
2784.9510	841.8696
2785.9105	843.4293
2786.8700	844.7632
2787.8295	845.3780
2788.7889	845.8235
2789.7484	846.4535
2790.7079	846.9974
2791.6674	847.5016
2792.6268	848.0466
2793.5863	848.3929
2794.5458	848.5056
2795.5053	848.6531
2796.4647	848.8563
2797.4242	850.6544
2798.3837	853.1378
2799.3432	853.8148
2800.3026	858.9357
2801.2566	864.6215
2802.2106	865.9502
2803.1646	866.6067
2804.1185	867.3026
2805.0725	868.0940
2806.0265	868.8099
2806.9805	869.8042
2807.9344	870.6437
2808.8884	871.5605
2809.8007	872.2303
2810.7131	872.6238
2811.6254	872.9546
2812.5377	873.5732
2813.4501	874.2426
2814.3624	874.6977
2815.2748	875.0114
2816.1871	875.5342
2817.0994	876.1832
2818.0118	877.4148
2818.9388	878.3556
2819.8659	879.1760
2820.7930	880.2461
2821.7201	881.0985
2822.6472	881.9811
2823.5743	882.5983
2824.5014	883.0192
2825.4285	883.5920
2826.3556	884.5348
2827.2827	885.1421
2828.2097	885.6066
2829.1368	886.2648
2830.1200	886.9009
2831.1032	887.5346
2832.0864	888.0508
2833.0696	888.7093
2834.0528	889.5605
2835.0360	890.0977
2836.0192	890.7564
2837.0024	891.5322
2837.9856	892.0774
2838.9688	892.8089
2839.9520	893.6625
2840.9353	894.0366
2841.9185	894.4943
2842.9017	895.1411
2843.8849	895.5531
2844.8681	896.3347
2845.8513	897.4113
2846.8345	898.1251
2847.8177	898.5869
2848.8055	899.6570
2849.7934	900.9353
2850.7812	901.8584
2851.7691	902.6778
2852.7570	903.4145
2853.7448	904.0822
2854.7327	904.6953
2855.7205	905.4303
2856.7084	906.1985
2857.6963	906.9875
2858.6793	907.7932
2859.6624	908.5108
2860.6454	909.1611
2861.6284	909.7500
2862.6115	910.3054
2863.5945	910.8552
2864.5776	911.3681
2865.5606	911.8250
2866.5437	912.3906
2867.5267	913.0328
2868.5097	913.5128
2869.4928	913.9921
2870.4758	914.3941
2871.4589	914.8394
2872.4419	915.4160
2873.3512	916.0126
2874.2604	916.7367
2875.1697	917.5358
2876.0790	918.1131
2876.9882	918.5684
2877.8975	919.2240
2878.8067	919.8054
2879.7160	920.4916
2880.6253	921.0750
2881.5345	921.6820
2882.4911	922.2399
2883.4477	922.7234
2884.4042	923.2024
2885.3608	923.7512
2886.3174	924.7665
2887.2739	925.4502
2888.2305	926.1603
2889.1871	926.5967
2890.1437	927.2944
2891.1002	928.3808
2892.0568	929.6231
2893.0134	930.2681
2893.9700	930.9150
2894.9617	931.5191
2895.9534	931.9534
2896.9451	932.4201
2897.9369	932.9519
2898.9286	933.4551
2899.9203	934.0179
2900.9121	934.5226
2901.9038	935.1479
2902.8955	935.7477
2903.7973	936.3119
2904.6991	936.8540
2905.6010	937.7303
2906.5028	938.3820
2907.4046	939.3448
2908.3064	940.4006
2909.2082	941.1325
2910.1100	941.8648
2911.0119	942.7201
2911.9175	943.3000
2912.8231	944.0792
2913.7288	944.6777
2914.6344	945.3145
2915.5400	945.9735
2916.4457	946.6331
2917.3513	947.1286
2918.2569	947.5589
2919.1626	948.0022
2920.0327	948.2962
2920.9029	948.8094
2921.7730	949.4640
2922.6432	950.0782
2923.5133	950.6758
2924.3835	951.1541
2925.2536	952.0546
2926.1411	953.1071
2927.0285	953.5937
2927.9160	953.9612
2928.8034	954.2059
2929.6909	954.4015
2930.5783	954.6154
2931.4599	955.4107
2932.3415	956.9695
2933.2231	957.8022
2934.1046	958.1544
2934.9862	960.5914
2935.8678	961.9749
2936.7494	962.6663
2937.6698	963.3906
2938.5903	964.3447
2939.5107	965.1543
2940.4311	965.8505
2941.3516	966.2543
2942.2720	966.6408
2943.1924	967.2909
2944.1846	967.9686
2945.1767	968.6966
2946.1689	969.4514
2947.1610	970.0939
2948.1532	970.9247
2949.1453	971.3602
2950.1375	971.7853
2951.0522	972.1552
2951.9670	972.4266
2952.8817	973.0961
2953.7964	973.5048
2954.7112	973.9759
2955.6259	974.7567
2956.5407	975.3460
2957.4554	976.0241
2958.4498	976.8796
2959.4442	977.5651
2960.4386	978.3214
2961.4330	978.9838
2962.4274	979.6547
2963.4218	980.3142
2964.4162	980.8145
2965.4106	981.4862
2966.3331	981.9012
2967.2556	982.5501
2968.1781	983.1403
2969.1006	983.6707
2970.0231	984.2809
2970.9456	984.8459
2971.8681	985.3592
2972.7906	985.8678
2973.6607	986.3937
2974.5309	986.9975
2975.4011	987.5430
2976.2712	988.0364
2977.1414	988.4891
2978.0115	988.9917
2978.8817	989.5391
2979.7716	990.0264
2980.6615	990.5775
2981.5514	991.1331
2982.4413	991.6220
2983.3312	992.1079
2984.2211	992.5165
2985.1110	993.0303
2986.0009	993.4987
